cffa edfe 0700 0001 0300 0000 0400 0000
4300 0000 8c15 0000 2d72 6570 0000 0000
1900 0000 4800 0000 0027 b82e 9c31 0000
0300 0000 0000 0000 00b0 fd0e 0100 0000
0010 0000 0000 0000 0020 0000 0000 0000
0010 0000 0000 0000 0700 0000 0500 0000
0000 0000 0000 0000 1900 0000 4800 0000
0027 b82e 9c31 0000 2e73 b236 0000 0000
00c0 fd0e 0100 0000 0010 0000 0000 0000
0030 0000 0000 0000 0010 0000 0000 0000
0700 0000 0300 0000 0000 0000 0000 0000
1900 0000 4800 0000 0027 0000 0000 0000
7130 b82e 9c31 0000 00d0 fd0e 0100 0000
0030 0000 0000 0000 0040 0000 0000 0000
0030 0000 0000 0000 0700 0000 0100 0000
0000 0000 0000 0000 1900 0000 4800 0000
0064 6174 612d 6973 2d72 6570 6c79 2d74
0000 fe0e 0100 0000 0020 0000 0000 0000
0070 0000 0000 0000 0020 0000 0000 0000
0700 0000 0300 0000 0000 0000 0000 0000
1900 0000 4800 0000 0000 0000 1300 0000
71bf 752d 0d25 0000 0020 fe0e 0100 0000
0010 0000 0000 0000 0090 0000 0000 0000
0010 0000 0000 0000 0700 0000 0100 0000
0000 0000 0000 0000 1900 0000 4800 0000
0027 b82e 9c31 0000 0300 0000 0000 0000
0030 fe0e 0100 0000 0010 0000 0000 0000
00a0 0000 0000 0000 0010 0000 0000 0000
0700 0000 0300 0000 0000 0000 0000 0000
1900 0000 4800 0000 0027 b82e 9c31 0000
2e73 b236 0000 0000 0040 fe0e 0100 0000
0010 0000 0000 0000 00b0 0000 0000 0000
0010 0000 0000 0000 0700 0000 0000 0000
0000 0000 0000 0000 1900 0000 4800 0000
0027 0000 0000 0000 7130 b82e 9c31 0000
0050 fe0e 0100 0000 0050 0100 0000 0000
00c0 0000 0000 0000 0050 0100 0000 0000
0700 0000 0300 0000 0000 0000 0000 0000
1900 0000 4800 0000 0064 6174 612d 6973
2d72 6570 6c79 2d74 00a0 ff0e 0100 0000
0010 0000 0000 0000 0010 0200 0000 0000
0010 0000 0000 0000 0700 0000 0000 0000
0000 0000 0000 0000 1900 0000 4800 0000
0000 0000 1300 0000 71bf 752d 0d25 0000
00b0 ff0e 0100 0000 0010 0000 0000 0000
0020 0200 0000 0000 0010 0000 0000 0000
0700 0000 0000 0000 0000 0000 0000 0000
1900 0000 4800 0000 0027 b82e 9c31 0000
0300 0000 0000 0000 00c0 ff0e 0100 0000
0050 0100 0000 0000 0030 0200 0000 0000
0050 0100 0000 0000 0700 0000 0300 0000
0000 0000 0000 0000 1900 0000 4800 0000
0027 b82e 9c31 0000 2e73 b236 0000 0000
0010 010f 0100 0000 0010 0000 0000 0000
0080 0300 0000 0000 0010 0000 0000 0000
0700 0000 0000 0000 0000 0000 0000 0000
1900 0000 4800 0000 0027 0000 0000 0000
7130 b82e 9c31 0000 0020 010f 0100 0000
0010 0000 0000 0000 0090 0300 0000 0000
0010 0000 0000 0000 0700 0000 0100 0000
0000 0000 0000 0000 1900 0000 4800 0000
0064 6174 612d 6973 2d72 6570 6c79 2d74
0030 010f 0100 0000 0000 0100 0000 0000
00a0 0300 0000 0000 0000 0100 0000 0000
0700 0000 0500 0000 0000 0000 0000 0000
1900 0000 4800 0000 0000 0000 1300 0000
71bf 752d 0d25 0000 0030 020f 0100 0000
0010 0000 0000 0000 00a0 0400 0000 0000
0010 0000 0000 0000 0700 0000 0300 0000
0000 0000 0000 0000 1900 0000 4800 0000
0027 b82e 9c31 0000 0300 0000 0000 0000
0040 020f 0100 0000 0030 0000 0000 0000
00b0 0400 0000 0000 0030 0000 0000 0000
0700 0000 0100 0000 0000 0000 0000 0000
1900 0000 4800 0000 0027 b82e 9c31 0000
2e73 b236 0000 0000 0030 cb14 0100 0000
00e0 0300 0000 0000 00e0 0400 0000 0000
00e0 0300 0000 0000 0700 0000 0500 0000
0000 0000 0000 0000 1900 0000 4800 0000
0027 0000 0000 0000 7130 b82e 9c31 0000
0010 cf14 0100 0000 0030 0000 0000 0000
00c0 0800 0000 0000 0030 0000 0000 0000
0700 0000 0300 0000 0000 0000 0000 0000
1900 0000 4800 0000 0064 6174 612d 6973
2d72 6570 6c79 2d74 0040 cf14 0100 0000
0040 0300 0000 0000 00f0 0800 0000 0000
0040 0300 0000 0000 0700 0000 0300 0000
0000 0000 0000 0000 1900 0000 4800 0000
00ae 885a f526 0000 e128 b82e 9c31 0000
0080 d214 0100 0000 0060 0100 0000 0000
0030 0c00 0000 0000 0060 0100 0000 0000
0700 0000 0100 0000 0000 0000 0000 0000
1900 0000 4800 0000 0023 e045 a115 0000
a984 50c3 1123 0000 0000 c06c db7f 0000
0000 1000 0000 0000 0090 0d00 0000 0000
0000 1000 0000 0000 0700 0000 0300 0000
0000 0000 0000 0000 1900 0000 4800 0000
00b6 794d de1d 0000 0000 0000 0600 0000
0000 d06c db7f 0000 0000 1000 0000 0000
0090 1d00 0000 0000 0000 1000 0000 0000